# Created by Octave 5.1.0, Sun Jun 02 18:17:26 2019 CST <huangyifei@huangyifeideMacBook-Pro.local>
# name: X
# type: uint8 matrix
# ndims: 2
 140 100
 212
 255
 255
 255
 255
 255
 255
 255
 255
 255
 255
 255
 255
 255
 212
 255
 212
 255
 45
 45
 44
 45
 255
 45
 44
 212
 255
 255
 212
 44
 81
 44
 81
 44
 81
 44
 255
 44
 81
 44
 255
 255
 212
 45
 44
 45
 44
 44
 44
 255
 255
 255
 44
 45
 44
 255
 212
 44
 81
 255
 255
 44
 81
 255
 255
 255
 212
 44
 81
 255
 255
 80
 44
 255
 212
 80
 44
 212
 212
 255
 212
 44
 44
 255
 255
 44
 81
 255
 212
 44
 81
 44
 255
 169
 80
 44
 80
 255
 255
 80
 44
 212
 212
 255
 44
 80
 44
 80
 44
 80
 255
 255
 255
 169
 255
 169
 212
 255
 255
 43
 80
 44
 80
 169
 212
 255
 255
 212
 255
 212
 212
 255
 255
 255
 212
 212
 255
 255
 255
 212
 255
 212
 255
 212
 212
 255
 255
 255
 212
 212
 255
 255
 255
 212
 255
 169
 255
 43
 212
 255
 255
 169
 255
 43
 80
 255
 255
 255
 255
 255
 80
 80
 255
 212
 212
 255
 255
 80
 80
 80
 255
 255
 255
 43
 80
 169
 255
 169
 255
 255
 255
 169
 80
 43
 80
 255
 255
 80
 79
 212
 255
 80
 79
 255
 255
 212
 255
 80
 80
 255
 255
 43
 80
 169
 212
 43
 80
 255
 212
 255
 255
 43
 80
 255
 255
 79
 79
 212
 212
 80
 79
 80
 212
 255
 79
 79
 79
 255
 212
 79
 80
 43
 80
 79
 80
 43
 80
 79
 80
 43
 255
 169
 212
 255
 79
 79
 79
 212
 255
 79
 79
 79
 79
 212
 212
 255
 212
 255
 212
 169
 212
 169
 255
 169
 212
 169
 212
 255
 212
 255
 212
 255
 212
 169
 212
 169
 255
 169
 212
 169
 212
 255
 212
 255
 212
 255
 212
 212
 79
 79
 79
 79
 212
 79
 79
 212
 255
 255
 212
 79
 79
 79
 115
 79
 79
 79
 212
 79
 79
 78
 255
 255
 255
 79
 79
 79
 79
 79
 79
 212
 255
 255
 79
 79
 79
 255
 255
 78
 115
 169
 212
 78
 115
 169
 212
 255
 212
 78
 115
 255
 255
 79
 79
 255
 212
 79
 79
 212
 212
 255
 212
 79
 79
 255
 212
 78
 115
 169
 212
 78
 115
 78
 255
 169
 115
 78
 115
 255
 212
 115
 78
 212
 212
 255
 78
 79
 79
 115
 78
 79
 212
 255
 212
 169
 212
 169
 212
 169
 212
 78
 115
 78
 115
 255
 212
 169
 212
 212
 212
 212
 255
 212
 212
 212
 255
 212
 255
 212
 255
 212
 212
 212
 212
 212
 255
 212
 212
 212
 255
 212
 255
 212
 255
 212
 212
 169
 212
 169
 212
 169
 212
 169
 212
 169
 255
 169
 255
 169
 212
 212
 212
 255
 78
 115
 212
 212
 255
 212
 255
 255
 212
 255
 212
 169
 212
 78
 115
 169
 255
 169
 212
 255
 255
 255
 212
 255
 212
 212
 78
 114
 255
 212
 255
 212
 212
 255
 255
 212
 255
 212
 212
 78
 114
 78
 114
 78
 114
 78
 114
 78
 114
 78
 114
 169
 212
 114
 78
 114
 114
 114
 78
 114
 114
 114
 78
 114
 114
 255
 212
 169
 255
 169
 255
 255
 212
 169
 255
 255
 212
 255
 40
 255
 212
 212
 255
 212
 255
 255
 255
 212
 212
 212
 212
 255
 255
 212
 212
 169
 255
 169
 255
 255
 255
 169
 212
 255
 212
 255
 255
 169
 212
 169
 255
 169
 255
 255
 255
 169
 212
 255
 212
 255
 255
 169
 212
 212
 255
 114
 114
 255
 212
 255
 212
 212
 255
 114
 114
 212
 212
 169
 114
 113
 114
 255
 212
 255
 212
 169
 114
 113
 114
 169
 212
 114
 113
 114
 212
 212
 212
 255
 212
 113
 113
 114
 113
 255
 212
 113
 114
 255
 212
 255
 212
 169
 114
 113
 212
 113
 114
 169
 212
 114
 113
 212
 212
 212
 212
 113
 113
 113
 255
 113
 113
 255
 255
 113
 114
 255
 255
 169
 114
 113
 114
 255
 255
 113
 114
 255
 255
 255
 113
 113
 113
 113
 113
 113
 212
 255
 255
 113
 113
 255
 255
 255
 255
 113
 150
 113
 212
 169
 212
 255
 255
 113
 150
 255
 255
 255
 255
 255
 255
 212
 212
 255
 212
 255
 212
 255
 255
 255
 255
 255
 255
 255
 255
 255
 255
 255
 255
 255
 255
 255
 255
 255
 255
 255
 255
 255
 255
 255
 255
 255
 44
 45
 44
 255
 255
 255
 255
 255
 255
 255
 255
 255
 255
 44
 81
 44
 81
 255
 255
 255
 255
 255
 255
 255
 255
 44
 44
 45
 255
 44
 44
 255
 255
 212
 255
 255
 255
 255
 81
 44
 81
 255
 255
 44
 81
 255
 255
 169
 255
 255
 44
 44
 44
 255
 255
 255
 255
 80
 44
 255
 255
 212
 255
 44
 81
 44
 80
 44
 81
 44
 80
 44
 80
 44
 80
 255
 212
 80
 44
 80
 44
 80
 44
 80
 44
 80
 44
 80
 44
 255
 212
 255
 255
 169
 212
 169
 255
 255
 255
 44
 80
 255
 255
 255
 212
 212
 255
 212
 212
 212
 255
 255
 255
 255
 255
 255
 255
 255
 212
 212
 255
 212
 212
 212
 255
 255
 255
 255
 255
 255
 255
 255
 212
 169
 212
 169
 212
 255
 255
 255
 80
 43
 80
 255
 255
 255
 255
 212
 212
 255
 212
 255
 255
 80
 80
 80
 80
 255
 255
 255
 212
 169
 212
 255
 212
 43
 80
 43
 255
 43
 80
 255
 255
 255
 255
 212
 212
 255
 80
 80
 79
 212
 212
 80
 79
 255
 255
 255
 212
 169
 80
 43
 80
 255
 255
 255
 255
 43
 80
 255
 255
 169
 212
 79
 79
 80
 79
 80
 79
 80
 79
 79
 79
 79
 79
 212
 255
 79
 80
 43
 80
 79
 80
 43
 80
 79
 80
 43
 80
 169
 255
 212
 212
 212
 212
 212
 255
 255
 255
 79
 79
 255
 212
 255
 212
 169
 212
 169
 212
 169
 212
 169
 255
 255
 255
 255
 212
 255
 212
 169
 212
 169
 212
 169
 212
 169
 255
 255
 255
 255
 212
 255
 212
 212
 212
 212
 79
 79
 79
 79
 79
 79
 255
 212
 255
 255
 212
 169
 79
 79
 115
 79
 79
 79
 115
 79
 79
 78
 255
 255
 255
 79
 79
 79
 212
 212
 79
 79
 255
 255
 79
 79
 79
 255
 212
 78
 115
 169
 212
 78
 115
 255
 255
 255
 212
 78
 115
 169
 212
 79
 79
 212
 212
 79
 79
 255
 255
 255
 212
 79
 79
 212
 212
 78
 115
 169
 212
 78
 115
 78
 255
 255
 212
 78
 115
 169
 212
 115
 78
 79
 212
 212
 78
 79
 79
 115
 78
 79
 255
 212
 212
 169
 115
 78
 212
 169
 255
 78
 115
 78
 115
 255
 255
 169
 212
 212
 255
 212
 212
 212
 212
 212
 212
 212
 255
 255
 212
 255
 212
 212
 255
 212
 212
 212
 212
 212
 212
 212
 255
 255
 212
 255
 212
 169
 255
 78
 115
 78
 115
 78
 115
 78
 115
 255
 212
 255
 212
 212
 78
 78
 78
 115
 78
 114
 78
 114
 78
 114
 212
 212
 212
 78
 115
 78
 212
 169
 255
 169
 212
 255
 115
 78
 115
 255
 212
 114
 78
 212
 212
 255
 212
 212
 212
 212
 212
 114
 78
 255
 212
 78
 114
 169
 212
 255
 212
 169
 212
 255
 212
 78
 114
 169
 212
 114
 78
 114
 212
 255
 212
 255
 212
 255
 78
 114
 114
 255
 255
 169
 114
 78
 114
 77
 114
 78
 114
 77
 114
 77
 255
 255
 255
 212
 212
 114
 114
 114
 114
 114
 114
 114
 114
 212
 255
 255
 255
 169
 212
 169
 212
 255
 255
 169
 255
 169
 212
 255
 255
 255
 255
 169
 212
 169
 212
 255
 255
 169
 255
 169
 212
 255
 255
 255
 212
 212
 255
 114
 212
 255
 255
 212
 255
 114
 113
 255
 255
 255
 255
 169
 114
 113
 212
 169
 255
 169
 255
 77
 114
 113
 255
 255
 255
 114
 113
 212
 212
 212
 255
 255
 212
 255
 113
 114
 113
 255
 255
 113
 114
 169
 212
 113
 114
 255
 212
 255
 212
 113
 114
 255
 212
 114
 113
 212
 212
 113
 113
 255
 212
 212
 212
 113
 113
 212
 255
 113
 114
 169
 212
 113
 114
 113
 212
 169
 114
 113
 114
 169
 255
 113
 113
 113
 113
 113
 113
 113
 113
 113
 113
 113
 255
 212
 255
 169
 113
 113
 150
 169
 255
 113
 149
 113
 113
 169
 255
 169
 255
 212
 255
 212
 212
 212
 255
 255
 255
 212
 255
 212
 255
 255
 212
 255
 255
 255
 255
 255
 255
 255
 255
 255
 255
 255
 255
 255
 212
 255
 255
 45
 45
 255
 255
 255
 255
 255
 255
 45
 44
 255
 212
 255
 81
 44
 81
 255
 255
 255
 255
 255
 81
 44
 81
 255
 212
 45
 44
 45
 255
 212
 255
 255
 255
 44
 44
 45
 44
 255
 212
 44
 81
 255
 255
 169
 255
 255
 81
 44
 255
 44
 81
 255
 212
 80
 44
 255
 255
 212
 255
 44
 44
 80
 255
 44
 44
 255
 212
 44
 81
 255
 255
 169
 81
 44
 80
 169
 255
 44
 80
 255
 255
 212
 44
 80
 44
 80
 44
 80
 255
 212
 255
 80
 44
 212
 255
 169
 255
 44
 80
 44
 212
 255
 255
 169
 255
 43
 80
 169
 255
 212
 255
 255
 255
 255
 212
 255
 212
 212
 255
 255
 212
 255
 255
 212
 255
 255
 255
 255
 212
 255
 212
 212
 255
 255
 212
 255
 255
 169
 212
 255
 80
 43
 80
 43
 80
 43
 255
 255
 212
 255
 255
 212
 80
 80
 80
 80
 80
 80
 80
 80
 80
 80
 255
 212
 255
 43
 80
 43
 255
 255
 80
 43
 212
 255
 80
 43
 80
 169
 255
 80
 79
 212
 255
 80
 79
 212
 212
 255
 212
 80
 80
 212
 212
 43
 80
 169
 255
 43
 80
 169
 212
 169
 255
 43
 80
 255
 255
 79
 79
 212
 255
 80
 79
 80
 255
 212
 255
 79
 79
 255
 255
 79
 80
 43
 212
 255
 80
 43
 80
 79
 80
 43
 255
 255
 255
 255
 79
 79
 212
